0
0.000192872
0.000915743
0.00130717
0.00113474
0.0010763
0.00104618
0.000956067
0.00113241
0.00175159
0.00191612
0.00180927
0.00187784
0.00189965
0.00186116
0.00182964
0.0018065
0.00175764
0.00188415
0.00185454
0.00170185
0.00172319
0.00157284
0.00127202
0.0013465
0.00172091
0.00260163
0.00337821
0.0034738
0.00317371
0.00290977
0.00309732
0.00304478
0.00328325
0.00394713
0.00421065
0.00386585
0.00332455
0.00321825
0.00325479
0.00380481
0.00420552
0.00352118
0.00273125
0.00218959
0.0016915
0.00176398
0.00217973
0.00201576
0.00238569
0.00326466
0.00308286
0.00270523
0.00257667
0.00221781
0.00208306
0.00202635
0.00188817
0.00216742
0.00294281
0.00311209
0.00295803
0.00307965
0.00304491
0.00299415
0.00349159
0.00402597
0.00356971
0.00275649
0.00273587
0.00312128
0.00453173
0.00605694
0.00703195
0.00891522
0.0116215
0.0142761
0.0139963
0.0118234
0.010635
0.00998674
0.00950611
0.0101555
0.0124853
0.015161
0.0168224
0.0176722
0.0186297
0.0193695
0.0190818
0.0180502
0.0165602
0.0147408
0.0121419
0.00959019
0.00809313
0.00674007
0.00573907
0.00503905
0.00402106
0.00300334
0.00260619
0.00234571
0.00187015
0.00159126
0.00165986
0.00179455
0.00213319
0.00236584
0.00194339
0.00164843
0.00141385
0.00120148
0.00119186
0.00162105
0.00238574
0.00264389
0.00235582
0.00221692
0.00223553
0.00192741
0.00171541
0.00198349
0.00263627
0.00305699
0.00300654
0.00354017
0.00358244
0.00326985
0.0042841
0.00696921
0.0124653
0.0218087
0.0336768
0.0438997
0.0492329
0.051108
0.0549461
0.0653111
0.0847813
0.115956
0.155345
0.202054
0.250504
0.291489
0.339794
0.405841
0.531186
0.690585
0.768154
0.695739
0.534252
0.393395
0.314421
0.295492
0.284748
0.238925
0.209792
0.235088
0.279745
0.3269
0.373582
0.424881
0.482177
0.540057
0.593701
0.639932
0.678167
0.709278
0.730069
0.73707
0.727732
0.701781
0.662412
0.617869
0.577169
0.540816
0.502012
0.451338
0.387488
0.315108
0.239394
0.179966
0.143886
0.118243
0.0980213
0.0817995
0.066605
0.052285
0.0488225
0.068087
0.385931
0.940722
1.08812
0.921197
0.846382
0.80189
0.735251
0.634689
0.506886
0.384826
0.28699
0.219661
0.168062
0.12612
0.0949684
0.0751311
0.0654387
0.0625013
0.0597739
0.0536371
0.0459001
0.0391464
0.0326963
0.0267105
0.0225861
0.0195914
0.0170375
0.0143805
0.0111738
0.00828614
0.00665995
0.00631789
0.00598327
0.00514622
0.00429681
0.00347578
0.00298418
0.00321116
0.00336193
0.00299209
0.00288826
0.00286381
0.00287602
0.00289758
0.00247305
0.00190119
0.0016007
0.00153
0.00164036
0.00175495
0.0019929
0.00260142
0.00311359
0.00290311
0.0025411
0.00226972
0.00179376
0.00142991
0.00132341
0.00149006
0.00176949
0.00304197
0.00465859
0.00488405
0.00404657
0.00498403
0.0082785
0.0127337
0.0194758
0.0288752
0.0396941
0.0483918
0.0524013
0.0559847
0.0650526
0.0794912
0.0977679
0.117905
0.138834
0.186867
0.241757
0.285029
0.345514
0.397512
0.465526
0.601351
0.71187
0.69203
0.561556
0.432671
0.361748
0.309081
0.2583
0.21846
0.207002
0.231992
0.283928
0.344595
0.400154
0.445548
0.482567
0.512648
0.538408
0.560833
0.577062
0.58703
0.591803
0.590956
0.584309
0.570172
0.547705
0.518476
0.482768
0.440998
0.394284
0.346658
0.304667
0.272556
0.244528
0.201314
0.16448
0.160093
0.168903
0.169706
0.160274
0.16437
0.777036
1.46488
1.40641
1.24487
1.16409
1.00596
0.795236
0.589815
0.443701
0.33878
0.253981
0.193215
0.147012
0.112414
0.0937345
0.0846237
0.0761346
0.06569
0.0536777
0.0435385
0.0365321
0.0314294
0.0278255
0.0239531
0.0189373
0.015024
0.0123456
0.00986322
0.00882411
0.00923371
0.0097581
0.010245
0.00987738
0.00865054
0.0081332
0.00755023
0.00608682
0.00525939
0.00577946
0.00648243
0.00659958
0.00684294
0.00687121
0.00575408
0.00463989
0.00385418
0.00357536
0.00412903
0.00415445
0.00339093
0.00275411
0.00235065
0.00183361
0.00171451
0.002327
0.00245075
0.00204236
0.00181997
0.00150971
0.00152809
0.00232597
0.00353208
0.00502011
0.00653503
0.00765309
0.00951146
0.0117113
0.0151146
0.0235143
0.0327707
0.033694
0.0299416
0.028944
0.0315806
0.0402486
0.0579227
0.0846148
0.116316
0.142882
0.156269
0.190102
0.242753
0.296507
0.351417
0.42319
0.51541
0.570644
0.545261
0.451536
0.347572
0.272975
0.225013
0.190896
0.173867
0.177101
0.1974
0.227526
0.262053
0.299376
0.340883
0.386688
0.433491
0.476948
0.515843
0.549343
0.573522
0.586325
0.59024
0.588225
0.579304
0.560597
0.530742
0.491115
0.446634
0.403102
0.357652
0.303242
0.236458
0.192183
0.197744
0.226974
0.25181
0.257361
0.240807
0.717783
1.31309
1.32163
1.16747
1.0576
0.896824
0.688301
0.512026
0.391027
0.309227
0.240374
0.180902
0.133747
0.101585
0.082059
0.0726459
0.0661254
0.0582746
0.049741
0.0421881
0.0357289
0.0309253
0.0282984
0.0259291
0.0233471
0.0199714
0.0165356
0.0131826
0.00994629
0.00781418
0.00679488
0.00691116
0.00627536
0.00608324
0.00696068
0.00648897
0.00519059
0.00443292
0.00398467
0.00388891
0.00408464
0.00431549
0.00459144
0.00427821
0.00378133
0.00323595
0.0025705
0.00246809
0.00253194
0.00245452
0.0024096
0.00221548
0.00240421
0.00260086
0.00221061
0.00195059
0.00203684
0.00222858
0.00325783
0.00456241
0.00472234
0.00418995
0.00381251
0.00396114
0.00391171
0.00402449
0.00418117
0.00397856
0.00450589
0.00661347
0.00970126
0.0173474
0.0291172
0.0380891
0.0415475
0.0407632
0.0384633
0.0381242
0.0421116
0.0513484
0.0685025
0.0903778
0.112521
0.132336
0.156013
0.227079
0.349165
0.47902
0.570703
0.564808
0.463175
0.35354
0.283962
0.226255
0.170538
0.132357
0.122806
0.138041
0.16883
0.204912
0.238498
0.269185
0.299401
0.329365
0.358039
0.384954
0.408549
0.428189
0.443754
0.452785
0.452895
0.445623
0.436128
0.425712
0.411809
0.393437
0.369185
0.337886
0.30294
0.268454
0.234977
0.20356
0.172253
0.138405
0.106728
0.0844092
0.146033
0.578982
0.903163
0.835571
0.817927
0.780452
0.721935
0.649465
0.522558
0.400848
0.302609
0.231414
0.175916
0.132816
0.105841
0.0912809
0.0834528
0.0766668
0.0676073
0.0577338
0.0488314
0.0402244
0.0325356
0.0268689
0.0211543
0.0158648
0.0126227
0.0104207
0.0084289
0.00705479
0.0068541
0.00743029
0.00829578
0.00867714
0.0082829
0.00789435
0.00694322
0.00585103
0.0052366
0.00537727
0.00607416
0.00643609
0.00644169
0.00601513
0.00514649
0.00421975
0.00344819
0.00300331
0.002455
0.00197884
0.00173263
0.00168859
0.00165929
0.001585
0.00161996
0.0014764
0.00116654
0.000955325
0.00148385
0.00201496
0.00191302
0.00181042
0.0021907
0.00338268
0.00557447
0.00810204
0.0103602
0.0124422
0.0149692
0.0168657
0.0221981
0.0377277
0.0637352
0.092036
0.116369
0.146918
0.182404
0.19816
0.230233
0.291738
0.353766
0.43159
0.553046
0.683186
0.729406
0.655056
0.522335
0.413435
0.321035
0.259785
0.239483
0.206251
0.168431
0.158453
0.172532
0.20409
0.2505
0.305764
0.360623
0.405785
0.440705
0.472836
0.506132
0.540805
0.575204
0.603997
0.622998
0.634003
0.639872
0.638757
0.628133
0.609335
0.584432
0.552884
0.512232
0.462533
0.405575
0.342607
0.275576
0.211297
0.170297
0.154304
0.141423
0.118871
0.100083
0.101857
0.128994
0.200422
0.866345
1.54189
1.40164
1.12394
0.999166
0.889038
0.739695
0.56838
0.423182
0.321994
0.245372
0.185577
0.146252
0.122426
0.106721
0.0927126
0.0785091
0.0640473
0.0504035
0.03939
0.0306186
0.0228654
0.0167938
0.012827
0.0104857
0.00845545
0.00686891
0.00642381
0.00634353
0.00544925
0.00443258
0.00366757
0.0033207
0.00369033
0.00337531
0.00269303
0.00218574
0.00231311
0.0027419
0.0027105
0.00246323
0.00229828
0.00224264
0.00182652
0.00164032
0.00162848
0.00153286
0.00148233
0.00220048
0.00321985
0.00326254
0.00270421
0.00246894
0.0022633
0.00215552
0.00257956
0.00284733
0.00307553
0.0030455
0.00268127
0.00253314
0.00273197
0.00253836
0.00263692
0.00402325
0.00711356
0.0125511
0.0166797
0.020178
0.0253049
0.0298521
0.0319571
0.0298397
0.0275614
0.0307089
0.0424726
0.0647442
0.0999246
0.142518
0.177909
0.203159
0.253926
0.347453
0.46729
0.614909
0.731119
0.731649
0.621853
0.476171
0.356571
0.267112
0.202332
0.161082
0.156357
0.192093
0.241916
0.291449
0.337057
0.380797
0.423351
0.461652
0.49175
0.510767
0.521675
0.529723
0.535738
0.538624
0.538555
0.534036
0.522089
0.5037
0.482644
0.459018
0.429709
0.39264
0.349562
0.306408
0.266744
0.229154
0.190389
0.149182
0.115205
0.0980063
0.0923656
0.0911576
0.666727
1.2216
1.14759
0.992847
0.822257
0.713031
0.646528
0.573158
0.474672
0.371157
0.28057
0.212564
0.162707
0.123978
0.0940008
0.0746614
0.0631395
0.0576673
0.0542486
0.0488747
0.0417282
0.03463
0.0284113
0.0245747
0.0226728
0.0207833
0.018903
0.0161141
0.0127332
0.00994924
0.00806317
0.00655118
0.00528782
0.00437218
0.00405358
0.00481716
0.0052904
0.00502952
0.00453634
0.00363925
0.00350178
0.00419585
0.00436435
0.00369448
0.00296663
0.00246076
0.00236793
0.00265899
0.00248551
0.00199877
0.00199374
0.00255242
0.00314801
0.00368443
0.00368681
0.00332572
0.00325332
0.00361312
0.00363674
0.00307218
0.00286887
0.00266516
0.00256124
0.00302906
0.00345004
0.003495
0.00384098
0.00552005
0.00858923
0.0123419
0.0156295
0.0183424
0.0233071
0.0310176
0.0379975
0.0433806
0.0500809
0.0606784
0.0762077
0.100175
0.136515
0.169948
0.205024
0.262772
0.338205
0.413143
0.537346
0.682546
0.72515
0.64011
0.50265
0.39732
0.316721
0.245031
0.192333
0.153742
0.141708
0.167073
0.21381
0.267981
0.321204
0.371456
0.419462
0.462158
0.493622
0.509331
0.510758
0.505832
0.502741
0.503881
0.506336
0.507941
0.505396
0.493601
0.47149
0.443653
0.415439
0.388435
0.360161
0.331663
0.30308
0.270344
0.231001
0.183509
0.139132
0.110057
0.0932179
0.0766791
0.0669231
0.0964127
0.685025
1.22624
1.17315
1.08778
1.02812
0.953338
0.780152
0.588408
0.446595
0.345368
0.261283
0.191185
0.142539
0.111591
0.0930763
0.0804938
0.0697085
0.0615244
0.0533029
0.0442346
0.0363443
0.0306125
0.0273201
0.0238582
0.0194016
0.0158886
0.013083
0.0107383
0.0087325
0.00723962
0.00655584
0.00655366
0.0076168
0.00837267
0.00828113
0.00826754
0.00748947
0.00596268
0.00451295
0.00378808
0.00338936
0.00289028
0.00295903
0.00307692
0.00295398
0.00251842
0.0023872
0.00310101
0.00322107
0.00297055
0.00354273
0.00454012
0.00531234
0.00515853
0.004493
0.00451815
0.00427244
0.0038964
0.00402452
0.00393626
0.00410598
0.00441744
0.00420076
0.00397897
0.00384496
0.00390763
0.00465456
0.0052447
0.00537671
0.0061854
0.00812922
0.0105833
0.015734
0.0236701
0.0291235
0.0308795
0.0328164
0.0379533
0.0495309
0.0702281
0.103413
0.15684
0.215874
0.281344
0.342331
0.403726
0.483246
0.593809
0.764464
0.887647
0.854155
0.692572
0.535519
0.43699
0.338761
0.249407
0.204057
0.216381
0.272301
0.343236
0.408599
0.461844
0.506496
0.547673
0.584239
0.60847
0.615502
0.613489
0.61393
0.62106
0.630381
0.633989
0.62854
0.61485
0.59186
0.55909
0.519617
0.478333
0.440156
0.403265
0.360755
0.309261
0.253293
0.200537
0.151837
0.117531
0.105367
0.106685
0.112184
0.108886
0.10643
0.991302
1.75458
1.57766
1.44903
1.30765
1.11058
0.856413
0.637458
0.483191
0.364924
0.268339
0.197164
0.148099
0.118429
0.10066
0.0865022
0.0747666
0.0625842
0.0498608
0.0400523
0.0335495
0.0276149
0.0223813
0.0184322
0.0147489
0.0117857
0.0106001
0.0102098
0.00890529
0.00783322
0.00816349
0.00843655
0.00934948
0.00992027
0.00954937
0.00898399
0.00741318
0.00563084
0.00482269
0.00410115
0.00378507
0.00404409
0.00351546
0.00288082
0.00240162
0.00192119
0.00217732
0.00227872
0.00199734
0.00185406
0.00167493
0.00164261
0.00198337
0.00236929
0.00211324
0.00204056
0.00281564
0.00362808
0.00394231
0.00410996
0.00378116
0.00292782
0.00274188
0.00256507
0.00224284
0.00339339
0.00535671
0.00699413
0.00827994
0.0105822
0.0155031
0.0224854
0.0271064
0.0255853
0.0202
0.0170185
0.0187782
0.0263033
0.0418134
0.0670609
0.100506
0.140513
0.172565
0.190399
0.224628
0.277634
0.388366
0.543105
0.739393
0.881182
0.817452
0.645373
0.486115
0.367553
0.28762
0.225611
0.190916
0.205437
0.237374
0.268236
0.299742
0.337938
0.382976
0.430462
0.475175
0.511978
0.536287
0.550863
0.563418
0.579577
0.59906
0.614415
0.620326
0.617788
0.608457
0.591038
0.564169
0.528732
0.490334
0.456469
0.426638
0.392185
0.343507
0.284447
0.228613
0.17984
0.137453
0.11227
0.110106
0.123704
0.149052
0.183755
0.656791
1.15347
1.14453
1.04924
0.976546
0.865296
0.694964
0.538158
0.4196
0.339184
0.272502
0.205539
0.153559
0.118227
0.0947198
0.0803826
0.0713712
0.0615739
0.0506616
0.0411487
0.034743
0.0334573
0.0348993
0.0352296
0.0339916
0.031208
0.0260744
0.0200762
0.0153656
0.0117133
0.00966332
0.0102471
0.01084
0.00930648
0.00840292
0.00908372
0.00907083
0.00771563
0.00649583
0.00606433
0.00590979
0.00513513
0.00433546
0.00397689
0.00346265
0.00309301
0.00269537
0.00226361
0.00218173
0.00246601
0.00337191
0.00403602
0.00402239
0.00380323
0.00371383
0.00473678
0.00585809
0.00554913
0.00441069
0.0034218
0.00335529
0.00445799
0.00556571
0.00558848
0.00485825
0.00495006
0.00625133
0.00671024
0.00582002
0.00566779
0.006767
0.00890641
0.0163158
0.0267421
0.0342352
0.0352967
0.0311707
0.0295632
0.0346354
0.0470272
0.0670511
0.107538
0.159612
0.191037
0.223865
0.261841
0.302164
0.368617
0.423785
0.521995
0.666101
0.722706
0.64539
0.498722
0.370683
0.287151
0.233743
0.188278
0.173951
0.208492
0.261762
0.311337
0.351717
0.382692
0.408403
0.433275
0.458465
0.482746
0.506261
0.530508
0.554683
0.57531
0.589297
0.595983
0.597389
0.597225
0.592449
0.578311
0.554775
0.518852
0.467158
0.404118
0.342655
0.290933
0.245981
0.202172
0.161194
0.131517
0.114096
0.0961759
0.0772312
0.0695788
0.0701819
0.50561
0.945107
1.02983
1.01583
0.958199
0.988197
0.907343
0.734073
0.551203
0.409773
0.30959
0.235178
0.180074
0.138014
0.107617
0.0883717
0.0748185
0.0633007
0.0536274
0.0445206
0.0354705
0.0282217
0.0234087
0.0187477
0.0139762
0.0109991
0.00939047
0.00767367
0.00605208
0.00495572
0.00396559
0.00399376
0.00522385
0.00581426
0.00619411
0.00642071
0.00536807
0.00406995
0.0037444
0.00471133
0.00508205
0.00433006
0.00373066
0.00337818
0.00285754
0.00265677
0.00256026
0.00247769
0.00271644
0.00296241
0.00274153
0.00227106
0.00281315
0.00313714
0.00260696
0.00346528
0.00503862
0.00502453
0.0044217
0.00460181
0.00483362
0.00532319
0.00734878
0.010911
0.0147045
0.0166577
0.0166712
0.0170061
0.0187511
0.0249523
0.0397196
0.0606081
0.0839358
0.109377
0.140185
0.175191
0.201409
0.241697
0.285427
0.318277
0.366491
0.455644
0.588579
0.716852
0.749459
0.62615
0.463789
0.360884
0.314497
0.298385
0.254035
0.201751
0.179691
0.175483
0.187571
0.220757
0.269752
0.324896
0.377736
0.424607
0.46528
0.501925
0.537088
0.570775
0.601271
0.62475
0.63844
0.643893
0.643652
0.638464
0.628599
0.613096
0.588275
0.555193
0.519378
0.484744
0.4526
0.419528
0.382399
0.338953
0.28878
0.237252
0.194548
0.172604
0.17217
0.186426
0.202794
0.205467
0.95225
1.8477
1.75485
1.54459
1.54042
1.35923
1.05538
0.787789
0.593032
0.443992
0.333386
0.260857
0.208097
0.168087
0.138074
0.112
0.0885998
0.0687216
0.0524805
0.0407952
0.0332455
0.0266196
0.0212729
0.0181932
0.0156986
0.0129611
0.0107718
0.00869901
0.00667925
0.00566007
0.00551441
0.00503873
0.00409962
0.00323376
0.00301063
0.00353897
0.00377883
0.00409029
0.00510657
0.00567689
0.00498398
0.00403683
0.00400105
0.00433172
0.00395241
0.00318179
0.00248016
0.00207401
0.00197706
0.00249009
0.00285003
0.00308457
0.00358817
0.00366721
0.00352082
0.00375756
0.00391186
0.00365684
0.00349569
0.00317285
0.00306282
0.00459415
0.00782696
0.0118053
0.0177583
0.0232798
0.0265912
0.0349532
0.0547064
0.0877273
0.133825
0.17831
0.201101
0.200445
0.223059
0.27862
0.339341
0.454452
0.620994
0.719518
0.690971
0.561763
0.422727
0.322246
0.260444
0.233962
0.207122
0.187874
0.183336
0.169636
0.136934
0.105873
0.0955943
0.0938727
0.113708
0.165392
0.220515
0.276173
0.33562
0.396704
0.456661
0.51238
0.558158
0.591672
0.61667
0.639698
0.664482
0.690848
0.713815
0.727403
0.729452
0.719975
0.703068
0.683279
0.65714
0.61917
0.569201
0.509466
0.441422
0.369711
0.299176
0.22858
0.182901
0.198454
0.565708
1.3482
1.64065
1.45151
1.42692
1.35403
1.12274
0.850631
0.638523
0.496985
0.38074
0.288447
0.225047
0.179341
0.149231
0.126553
0.106676
0.0888159
0.0722377
0.0555837
0.0418484
0.0318966
0.024669
0.0203256
0.0168234
0.0131562
0.0101594
0.00867895
0.00778335
0.00722705
0.00648197
0.00537057
0.00456136
0.00431127
0.00546176
0.0062088
0.00544913
0.00432083
0.00440267
0.00469978
0.00449833
0.00484974
0.00435927
0.00350645
0.00403891
0.00530575
0.00508506
0.00404636
0.00355317
0.00352292
0.0040709
0.00429657
0.00387493
0.00429646
0.00561808
0.00576994
0.00459404
0.00432072
0.00535246
0.0059503
0.00562022
0.00504529
0.00475836
0.00483111
0.00425251
0.00438445
0.00668153
0.0102736
0.0153648
0.0233525
0.0319548
0.0357803
0.0350338
0.0349169
0.036275
0.0451633
0.0707197
0.102103
0.134198
0.17022
0.182074
0.205801
0.301511
0.466832
0.688046
0.836034
0.777594
0.601944
0.453059
0.376196
0.363496
0.347816
0.290667
0.252547
0.260219
0.283692
0.313775
0.353314
0.397012
0.435203
0.465968
0.491818
0.513864
0.532627
0.551607
0.576232
0.604314
0.626525
0.634868
0.626286
0.602516
0.568504
0.533279
0.503469
0.475321
0.443924
0.411829
0.382603
0.354694
0.316505
0.261316
0.204766
0.163956
0.140928
0.132068
0.135783
0.147345
0.153258
0.133983
0.853768
1.54639
1.43962
1.29517
1.18579
1.08247
0.895363
0.678828
0.507568
0.401011
0.318035
0.24393
0.183841
0.138009
0.109005
0.0913777
0.0787747
0.0703334
0.0615623
0.0514645
0.0436439
0.03909
0.0364373
0.0334849
0.0295409
0.0262001
0.0239529
0.0214964
0.0177671
0.0137972
0.0115113
0.0119182
0.0135083
0.0141614
0.013788
0.0127137
0.0113531
0.00996275
0.00804521
0.0061832
0.00498567
0.00461361
0.00432232
0.00378799
0.00343699
0.00302539
0.00291408
0.0029478
0.00294671
0.00327723
0.00346126
0.00330947
0.00285223
0.00233563
0.0021636
0.0019176
0.00153142
0.00133225
0.00160918
0.00170409
0.00228051
0.00482891
0.00883564
0.0123155
0.0140159
0.015637
0.0191409
0.0238549
0.0343033
0.0578996
0.0981182
0.142783
0.176982
0.202986
0.238143
0.294313
0.416558
0.571431
0.730472
0.841173
0.814834
0.694207
0.537192
0.404061
0.306113
0.241738
0.207599
0.176315
0.140069
0.11988
0.128727
0.157336
0.200831
0.253073
0.307504
0.356201
0.394616
0.423329
0.443078
0.456061
0.471887
0.495678
0.524834
0.555713
0.58435
0.607201
0.620669
0.623096
0.615909
0.602469
0.586259
0.572024
0.563462
0.558463
0.550553
0.533916
0.506103
0.466548
0.417075
0.354516
0.277722
0.223989
0.21022
0.209335
0.209974
0.212337
0.216312
0.791729
1.47497
1.49062
1.35741
1.28232
1.13084
0.877563
0.65151
0.494655
0.370954
0.275503
0.207082
0.160321
0.130626
0.111488
0.0949975
0.0794429
0.0646926
0.0497292
0.0363501
0.0275026
0.0213539
0.0160075
0.0126415
0.0109451
0.00903498
0.00706993
0.00548878
0.004717
0.00445735
0.00395491
0.00335415
0.0033673
0.00345488
0.00270008
0.00225289
0.00255061
0.0034007
0.00430198
0.00437809
0.00480896
0.00570515
0.00564166
0.00491259
0.00444664
0.00391571
0.00290181
0.00247717
0.00242937
0.00223496
0.00222398
0.00246452
0.0025628
0.00293768
0.00338638
0.00391243
0.00511973
0.00575557
0.00592027
0.00738872
0.00998018
0.0118004
0.0112582
0.00889586
0.0095523
0.0158889
0.0305324
0.045746
0.0459934
0.0375183
0.0336494
0.0332536
0.0301988
0.0238396
0.0182173
0.0160502
0.0176718
0.0217454
0.0267969
0.0305516
0.0300783
0.025567
0.0206328
0.0178361
0.0159214
0.0147905
0.0145589
0.0139203
0.0118938
0.00970017
0.00771097
0.00628079
0.00602842
0.00616913
0.00623395
0.00536517
0.00432904
0.00388898
0.00324717
0.00260319
0.00229798
0.00188085
0.00153021
0.00162633
0.00170724
0.00181498
0.002098
0.00219854
0.00254876
0.00287731
0.00279825
0.0027611
0.00273679
0.00236833
0.0018978
0.00180056
0.00164205
0.00139879
0.00118163
0.00087054
0.000841012
0.00157093
0.00277721
0.00350623
0.00343156
0.00333967
0.00332449
0.00314292
0.00307313
0.00312787
0.00346526
0.00401189
0.00422997
0.00383971
0.00349774
0.00327234
0.00300586
0.0027646
0.00232282
0.00207988
0.00245712
0.00312258
0.00318186
0.00269502
0.00238432
0.00240085
0.00238924
0.00244471
0.00271252
0.00296952
0.00295003
0.00241595
0.00209147
0.00220699
0.00210371
0.00173942
0.00163764
0.00174968
0.00200705
0.0021507
0.00224514
0.00266646
0.00293423
0.00295068
0.00272649
0.00267617
0.0028533
0.00285604
0.0026548
0.00256948
0.00240963
0.00196194
0.00183782
0.00194623
0.00222901
0.00236898
0.00199536
0.00172995
0.00191902
0.00223679
0.00238102
0.00210525
0.00164186
0.00167734
0.00225812
0.00234313
0.00203429
0.00181414
0.00189628
0.0019938
0.00220342
0.00267876
0.00269658
0.00278624
0.00305671
0.00297441
0.00283051
0.00299613
0.0029181
0.00291741
0.00287927
0.0025151
0.00232142
0.00219321
0.00254227
0.00301082
0.00330307
