0
0.00141061508254436
0.00426202756053673
0.000432238415023711
0.000921020860287447
0.000921020860287447
0.00101128635004089
0.000422020949159219
0.00277984622747574
0.00401346604515229
0.000693064830570300
0.00235771558860165
0.00176234706640876
0.00215282766651903
0.00136495844422280
0.00212684326885504
0.00136315910136775
0.00189253415723201
0.00254800383822018
0.00100369629687180
0.00158866806688662
0.00197108241705246
0.000375685569823703
0.000569877619749137
0.00251891253980840
0.00291242887901233
0.00697073443074792
0.00391227206364997
0.00354321780379752
0.00120963838748556
0.00320739630447298
0.00398381461057418
0.00182655185416203
0.00600714709190808
0.00541477013220759
0.00440683490306859
0.00149268594433583
0.00228008560481752
0.00359152049028388
0.00311223699045771
0.00742005638164667
0.00312028192036884
0.000285644203694480
0.000979350436361326
0.000521571018163525
0.000214698047625861
0.00369840911499086
0.00287025417952758
0.000289957037541755
0.00644711263063613
0.00475284979056578
0.000446804817272439
0.00295704204883940
0.00151318486421670
0.00101549938050405
0.00243462369627123
0.00131674190462172
0.00172531335308312
0.00409341301505595
0.00591239822639367
0.00121129138658826
0.00388613398133941
0.00291942348326280
0.00298578753639367
0.00273276399953859
0.00689373176885044
0.00399774096641725
0.000717242218199798
0.000474462557359168
0.00488774995021202
0.00340278447107834
0.0131554377714797
0.00706301307686197
0.0121818942740520
0.0156557512739763
0.0219679197490503
0.0206896865650806
0.00581670201114315
0.00628384166695217
0.00867143312379004
0.00785714761567280
0.00860108070535004
0.0151605291775287
0.0221903540926220
0.0223492260475380
0.0201241640114207
0.0197358579553826
0.0226112115559853
0.0200587336031195
0.0165762293109160
0.0140428787778157
0.0111595620870131
0.00865434118928987
0.00181983089223814
0.00380117948272996
0.00443011295037643
0.00186016510711295
0.00429896053082279
0.00205940941642768
0.000573360628794761
2.53896776820639e-05
0.00307663785023071
0.000230626594312944
0.000982687162969897
0.000717867666993666
0.00296636967452291
0.00133842569166598
0.00472743069949066
0.00124045563490882
0.000401575631493900
0.00132791167470792
0.000253332911218207
0.00102113135462167
0.00131147498331585
0.00421119790609770
0.00462364097208057
0.00203589257072023
0.00114504943090044
0.00255072309415150
0.00201922363203810
0.000198310336505081
0.00210602732445420
0.00328544791599561
0.00545576232870637
0.00289383785124531
0.00285117539942092
0.00706474965614801
0.000324707717550887
0.00455396072087644
0.00940375469878241
0.0188026207269003
0.0353328740071959
0.0579332587644648
0.0724842609567751
0.0696367841468430
0.0571684965037504
0.0550112937784126
0.0752757878795560
0.110423185096565
0.162599174264286
0.234967906465589
0.285026318796623
0.367279828711007
0.391182108855631
0.409580054484313
0.526685737144354
0.635951395977277
1.09247535708309
1.13570399634406
0.812783784680346
0.193899313175110
0.0165001982714994
0.0218157417068892
0.187375399778857
0.303027973606093
0.209372816793895
0.0249846206341154
0.239794225225827
0.364796426332471
0.431989718402915
0.472380421136592
0.522838245455485
0.599518277570624
0.669291941434745
0.718377983815185
0.754076475301772
0.771448911619306
0.788053402952536
0.795818879423195
0.774797668750965
0.736546379793331
0.669296341114889
0.596368162801793
0.519262015230750
0.479784756086483
0.458280026212804
0.430179905584227
0.367652666645933
0.265755231547408
0.169939194998342
0.0756646387809239
0.000794964016106681
0.0433567798217442
0.0526894746315270
0.0475384766203102
0.0410508200851676
0.0363495549282586
0.0161205341887347
0.0123570516374152
0.0668887008493435
0.171652452735025
2.28915363733590
2.54030942291772
0.419169366213913
0.536237748527226
0.758977160170080
0.608385190182998
0.508014141180380
0.226999743276257
0.107661523210046
0.0133961129206920
0.0407057125157058
0.0408493027683293
0.0210916794714634
0.00827718907054531
0.0161269851745893
0.0287252354248921
0.0506489090081423
0.0587453754326390
0.0463095431085392
0.0283549435870867
0.0223325779803751
0.0200730562072502
0.0110454539732623
0.0105684390480438
0.0126880072361872
0.0105811150026502
0.00992345749566592
0.00471856258357239
0.000589503757339904
0.000638583894695288
0.00404009618860668
0.00677805098759521
0.00341040543260729
0.00243415254931667
0.00164592954202869
0.000942914543918594
0.00241314663834902
0.00521532983263162
0.00230967769447377
0.00170922926765527
0.00351558532989404
0.00208212261729679
0.00373476078095458
0.00217496022599228
0.000515322221503967
0.000248319168795197
0.00135635484923846
0.00132797676113905
0.00253915365063073
0.00157962239654208
0.00367058839043399
0.00476578862937016
0.00418291660434056
0.000504902536714313
0.00265363087841941
0.000443786526759471
0.000614581145008009
0.000311818615424508
0.00176908017766242
0.00209657718205980
0.00292725060195664
0.00991834323374863
0.00798913188585515
0.00297698622348730
0.000665983233166578
0.0142835353095307
0.0197794565493072
0.0293618848587702
0.0454154437351688
0.0622808526938627
0.0745967662337348
0.0684042025375977
0.0577036636033743
0.0733073651102931
0.104982470449192
0.130722963417653
0.161930918772712
0.180882741850350
0.207993617532808
0.420978581823104
0.354203718057221
0.445795576836504
0.566631229741065
0.504698089318917
0.787763496662800
1.13668102673282
0.874328132958581
0.404304593028165
0.0255057142697939
0.154973787388817
0.191654665381187
0.146647405816330
0.100111040183290
0.125108549590294
0.228009805761757
0.368765827921207
0.475064670649803
0.536494509201887
0.559039480225270
0.573272346806538
0.588570783730664
0.596566622600460
0.617135284989593
0.623686619956186
0.616673455132572
0.610359024228714
0.598604496786524
0.578812286503986
0.554481291077468
0.510743482414388
0.465282410986884
0.416356881305022
0.359430175546803
0.300616128295769
0.239722596679344
0.200518899535455
0.185685257409643
0.188800776627591
0.151322010418557
0.0216749517670520
0.111559467594964
0.185316367051430
0.199303139327168
0.144374265701567
0.126055154066620
0.224449304789708
4.58517947160161
1.99964539570930
0.502462262421256
1.12892553416037
0.769970073193329
0.401688513900289
0.0690530576168800
0.0190201429183167
0.0919681833768158
0.0280697710226314
0.0292936952919282
0.0342365976893295
0.0142793303622035
0.0267001217492866
0.0615122467498903
0.0593223022291187
0.0478381315833090
0.0280418376700433
0.0154832396450471
0.0177165273296882
0.0181173753551207
0.0176267930828080
0.0188739519685444
0.00845512542700666
0.00276722124329543
0.00648637347954195
0.00397212610709463
0.00256375857099478
0.00956291971675460
0.0110809891603864
0.0112216982558729
0.0118554457975292
0.00594597229325611
0.00483600346475566
0.00868135798826020
0.00332131055189111
0.00107613403222762
0.00504588949957907
0.00927659241656831
0.00742368941771465
0.00639792328879540
0.00858110729876360
0.00531154375148812
0.000260453918121684
0.00309877620699051
0.000434549416597818
0.00523455471844980
0.00596558092213084
0.00247842370796203
0.000246294669467906
0.00187799342966088
0.000679455830112530
0.000240306126482848
0.00255583385664870
0.00535281369278517
0.000206218736916286
0.00170844939967563
0.000749731048322433
0.000621062140908624
0.00253279248112381
0.00635885249745782
0.00711426362652623
0.0108330079691701
0.0102869740821170
0.0109603206852384
0.0179374686099338
0.0171742426939447
0.0311396171227250
0.0605226541663313
0.0542048662380572
0.0180896080404709
0.0218543242556641
0.0307328557875703
0.0464381348173430
0.0801187434722164
0.129642394742690
0.181422151476770
0.219663761042362
0.207263475799711
0.176413022709286
0.383568726157107
0.381715071930534
0.496934113446547
0.497679291437256
0.730081396929058
0.790776733710822
0.644007402659732
0.311633824662966
0.0934122049803543
0.0492927948100952
0.100262338234083
0.0949102862146759
0.105593213353119
0.151652023047146
0.219732436916669
0.282933796640784
0.332202223723379
0.375369957494838
0.421707305942743
0.480617164319035
0.536156642820014
0.579520523687541
0.605295528274634
0.633066654554264
0.643631623176242
0.631891822965042
0.608793481649398
0.592488809969591
0.573256681364547
0.537942622610568
0.483846718503118
0.418995370070083
0.352666677823550
0.304242075143948
0.270645703378667
0.203147592084958
0.114215974404596
0.00382625511409906
0.145272495958931
0.279767861762437
0.329498093266779
0.306096791972172
0.238123669105796
0.155527394742331
3.81457166319082
1.97492806299581
0.713698156035654
0.802052421546055
0.729367774650609
0.209940515066753
0.0586222130675325
0.0287482818548016
0.110346168445277
0.0734467635370324
0.0414302894416077
0.00435760563655818
0.0125665657130893
0.0197045552511768
0.0406547554304453
0.0546176985050080
0.0429849855103379
0.0318470816937944
0.0222898121374389
0.0219517307583563
0.0151835351304710
0.0211421497519333
0.0214961037615367
0.0177723566692112
0.0152016400695971
0.00680328763865279
0.00801121521538639
0.000536790927749831
0.00215890955476716
0.00213995529566624
0.00603345629744656
0.00840677190694772
0.000765442951455975
0.0103802043208716
0.00820364489477976
0.00226769877114186
0.00121424719812901
0.00362551282836576
0.00196196035578122
0.00530702275474027
0.00390233588731137
0.00595531709912445
0.00469390861097585
0.00219805427869391
0.00272430090771791
0.000849579107669918
0.000755384696979666
0.00363662251164609
0.00176651528813165
0.00273118468489153
0.00184932500148050
0.00155008861264649
0.00426124589172505
0.00198537414475286
0.000362160580142823
0.00215732702995708
0.00237468957528952
0.00310135579611281
0.00888349178683656
0.00717349548128987
0.00312103457160151
0.00242985710276999
0.00318955835873802
0.00552247115616455
0.00203830765096003
0.00660992444938668
0.00258497103763267
0.00429554083553496
0.00751835219017227
0.0169077195104774
0.0189025517683230
0.0564218002294350
0.0643548327508079
0.0594978905122936
0.0419739824007124
0.0353844889701604
0.0293212569455661
0.0451255379139868
0.0602856077491574
0.0914929271415366
0.136665179373416
0.160330457240522
0.182374128607354
0.187590493394082
0.250248287341359
0.581540040593345
0.765520506819448
0.882541115088858
0.746044504014717
0.352244345523397
0.0340580786396865
0.0904442512962715
0.107757336819181
0.0381152875734015
0.00689076633030938
0.0549415467813644
0.139916509866629
0.217121248212726
0.284143806340966
0.317413968792212
0.338045462286117
0.363389019887341
0.395973237347880
0.421981540087170
0.446457074835203
0.466471219145583
0.476006049653243
0.484732118214224
0.485483119810438
0.468080118814873
0.438294009289557
0.414307341688493
0.407497257390314
0.388580716692710
0.361157812914645
0.328090378101340
0.281409198500287
0.228050901937181
0.192133074077172
0.161522802933795
0.130545826394513
0.109631559409252
0.0685146807383382
0.0284394717774914
0.0166885640856199
0.0335351946397634
0.585987834127362
2.87255654316370
0.656389498276296
0.655581290665004
0.886515610855102
0.475260346515150
0.657661883497355
0.256183955477859
0.114575766827900
0.0403876147110230
0.0428134246658073
0.0416996973808262
0.0152331240339163
0.0213740842610017
0.0469658924721474
0.0582296773385256
0.0670795706038045
0.0501947533672029
0.0368799448345021
0.0261224537061842
0.0242347436012897
0.0104789260543734
0.0137355473692338
0.00989092975429773
0.00205145576462296
0.00157119567208008
0.00644686100843106
0.00269348242378364
0.00358038959482543
0.00322749837287339
0.00941428437514813
0.00850800305801758
0.0126825940965085
0.00669810228712442
0.00777282339173957
0.00595120844095387
0.00288118060082732
0.00301725309188972
0.00419100772711545
0.00731102446066778
0.00854042556557944
0.00625494284500272
0.00665817932404433
0.00310543314249867
0.00257183782510073
0.000943205181992202
0.00185324726270841
0.00178941099585606
0.000207041433077593
0.00122040530544520
0.000936586402954909
0.00220659546821977
0.000956287242645182
0.00181895070915883
0.00160672077582580
0.000583259903942368
0.000103264668204206
0.000685060346161004
0.00509111029796694
0.00176095451959002
0.00152341959636670
0.00155219534480566
0.00484992909389215
0.00824929952864340
0.0145462976128787
0.0150886611523153
0.0176306992224635
0.0183171460797467
0.0250494085652653
0.0187595202009156
0.0539713895547640
0.104004515389317
0.161663100903184
0.172792684151807
0.189242708617547
0.266924539978605
0.286446120130960
0.193600586460982
0.437292858119040
0.473001021724018
0.564135834894144
0.712583107472452
1.03889088967507
1.01901656011039
0.685395078312501
0.229641285090900
0.109783548792767
0.138416887352125
0.0126639422829273
0.181437556538643
0.189650717647831
0.0462621134304730
0.0896374623261346
0.174249268846827
0.245621063390553
0.330253503181988
0.417360308595441
0.487827158080400
0.524924206047077
0.526628877095360
0.540334056079853
0.576075950198624
0.613116929809535
0.652735677041249
0.680462740826676
0.680525603529798
0.666440110324997
0.660041384871629
0.650891048524963
0.620695715816444
0.579114861274480
0.539666153753605
0.496870931072354
0.441260006801017
0.367188448272315
0.293789266578311
0.214697020252693
0.135924424601644
0.0590416640467019
0.0219866046088864
0.100748645241047
0.122873341031837
0.0915254921439077
0.0263783951350496
0.0739560605536895
0.139182478797844
0.263005201889525
0.517388658188798
4.75385078447469
1.91964081866246
0.138365890212809
0.633914838662040
0.701375728638445
0.491504378136384
0.194314322111227
0.0321200220904543
0.0426967565081585
0.0636050085567523
0.0199901617172589
0.0334285751806944
0.0501097514069659
0.0681382167116764
0.0618534409229929
0.0491330802143264
0.0324108920386301
0.0188371116130390
0.00947048495733638
0.0107864957546673
0.00384168074452873
0.000690318269656709
0.000634456267377681
0.00394109611931082
0.00458906475767507
0.00153358905230916
0.00377377067254447
0.00670873355294221
0.00555172582984487
0.000594773122466474
0.00286808796428550
0.000401935776184081
0.00439629872122305
0.00494849379542173
0.000128171785996889
0.00163239763897405
4.34940541336193e-05
0.00525951873135733
0.00250274812590900
0.00275141984441984
0.000861080730011676
0.00285898188872002
0.00133062471892864
0.000111301193977953
0.00217990599507367
0.00101413076939139
0.00154347384424591
0.00115267566940069
0.00706435246214543
0.00479200832809168
0.00195991563464737
0.000481666001068248
0.00320605940846541
0.000227825952332283
0.00351050318369861
0.00390183285020451
0.00321569963791934
0.00414793730804419
0.00178351453794634
0.00164355935632110
0.00263561824175806
0.00388486107277741
0.000163028289111411
0.00563458074988654
0.00977851531907725
0.0208697125490598
0.0331263281903138
0.0221711158118292
0.0367739097797553
0.0410790027658805
0.0427880129729148
0.0323118375762239
0.0161163023985000
0.0268998539292913
0.0512427455159916
0.0962124109861191
0.151621730430613
0.235167069671144
0.276202217518838
0.267675392204171
0.272809620485326
0.504810772157084
0.687071824197180
0.884289863582565
1.12994128792321
0.949809195793270
0.516302242298678
0.143978413257873
0.0342472883807160
0.0433684356033406
0.0154908419084832
0.0449472379024694
0.0580269589844941
0.229580912749431
0.344499267734963
0.404075927655209
0.442025565101769
0.474439832179036
0.519578716125108
0.553241217210003
0.573587394651612
0.569849107870273
0.552734966714365
0.548579198529797
0.553631475123973
0.549804908956128
0.542776061431600
0.533969722013687
0.510089957237045
0.470604032882758
0.439082635319604
0.414315434726166
0.378182317716841
0.325490155742705
0.262813510704381
0.207403974271887
0.176102130115631
0.146625498388896
0.111935238847977
0.0628539014646649
0.0165507181353988
0.0333155229647912
0.0713046718837738
0.0834537553582986
0.0924420396524477
4.29944317452315
1.09223085963285
0.809636883465852
0.353812224793380
0.384226534928442
0.461434599973601
0.478245683234015
0.278198439210438
0.147815529603952
0.0444488355108641
0.0353285274250099
0.0284353598447502
0.0320532349348959
0.0101028891849415
0.0186086687241573
0.0279493615932644
0.0371051730658758
0.0491510854019073
0.0411801525192459
0.0280139736404363
0.0174678225870339
0.0140736610325702
0.00970420916226744
0.0190589089939794
0.0161805548228131
0.0153452762484296
0.0124696834967455
0.00493847075330933
0.00256327979833770
0.00254167993156273
0.00356252421062431
0.00150551670971844
0.00235696263643470
0.00152190309451450
0.00489232240927806
0.00879947538351256
0.00429598273382459
0.00437683333502126
0.00207520824462926
0.000436399777617114
0.00583667660311527
0.00624312668460014
0.00338091470786917
0.000448509419650245
0.00161719234446056
0.000616204854211100
0.00362636526250859
0.00323827822292455
0.000810926199349638
0.000600204877052812
0.00336052842435453
0.00471296398523680
0.00474791863432089
0.00547129745209518
0.00191497643263117
0.00281770028255890
0.00330425404740486
0.00583389214880192
0.00156508975296743
0.00157931712128478
0.00307808768809226
0.00116974584732632
0.00340054813618673
0.00514344249962662
0.00399363045788292
0.00323529642850984
0.00628511864182890
0.0136771626114500
0.0198101440954586
0.0248142709779171
0.0239141028426164
0.0271863073464327
0.0458091651921970
0.0571979237588389
0.0558864001397119
0.0594792777586544
0.0762860121733442
0.101383679741079
0.133550307661729
0.194155676618421
0.271979170426937
0.245566911089083
0.350871237387191
0.481527816141162
0.595717528261190
0.628772298389189
1.10590363739655
1.03074247259469
0.645944242676525
0.182394388518484
0.0924802977345340
0.142461376963113
0.0626983783221112
0.0464164658490425
0.0582246028135993
0.0441992623982758
0.175270262449571
0.293656301790693
0.382316480712007
0.441493249816978
0.483731029404246
0.526210500327413
0.567804928302046
0.583385381917533
0.571054210884406
0.531080593278546
0.498013287028431
0.487479161399266
0.501579374423570
0.512239864277532
0.513474995503828
0.510939052877865
0.486330894446629
0.438195469936384
0.387291243738104
0.352097823741886
0.328859411151434
0.304513163316515
0.265567960938522
0.246325361976403
0.207954256371515
0.158781597918828
0.0941617914881268
0.0204959724431961
0.0219603955144250
0.0436527583444601
0.0533063087250545
0.0121691657030458
0.0698359123251424
0.279690185162018
4.21809885398887
1.11028156652140
0.953890861844642
0.768021125439399
0.971216484813375
0.538083710335689
0.101952544350254
0.0559872193661783
0.0836425861051814
0.0691966587941361
0.00656352492975176
0.00332431052021742
0.0232610028726787
0.0354732299774825
0.0522949158862260
0.0418321745847552
0.0402745551055259
0.0392857066273933
0.0236330690242477
0.0166496495843591
0.0141116161448895
0.0166561316394054
0.0204889955310641
0.00883206233743383
0.00628931227555030
0.00682078842264677
0.00443706124375964
0.00458036015044616
0.00222636664577935
0.00432008657400340
0.00515813819481847
0.00793761284886918
0.0129452142864612
0.00781668024502646
0.00825910641942373
0.00820375580465105
0.00264073674527898
0.00117165638934735
0.000150706356202845
0.00357370930091627
0.00108628500755881
0.00204228045472787
0.00424111646556291
0.00253912143117874
0.00271560275084970
6.76997708359828e-06
0.00407033882909180
0.00592474127961518
0.00115536256866733
0.00345453310052868
0.00667136146808112
0.00770878233743710
0.00701925502941614
0.00248051352632284
0.00296900248788645
0.00620098108319711
0.00103825398566948
0.00475634359778976
0.00397351558694004
0.00342998759255742
0.00568381213977998
0.00480609572195578
0.00244407675559366
0.00433528735823929
0.00264252852150659
0.00550575334007908
0.00777238005414693
0.00585289182862137
0.00560196399967317
0.0110659968567828
0.0155214079476611
0.0186853292356772
0.0401523878740078
0.0493579846744390
0.0378674144610187
0.0332225752469795
0.0427025942233001
0.0605001178689233
0.100081924222010
0.150354488842461
0.232808261653044
0.364766665038387
0.380673643552306
0.529907189995524
0.478826852609865
0.654862646868313
0.734176744164216
1.04094357834802
1.39480396901291
1.03505330151326
0.495288995478801
0.0312451290445039
0.205253241592015
0.145166747254179
0.0103918553285851
0.0136174672922720
0.153518287261916
0.344726820326057
0.497022833520248
0.566377618197584
0.598142052461321
0.608480332550203
0.641783347679090
0.672363738270624
0.690420139543930
0.655272121812001
0.613102041876673
0.603178806009558
0.627023418965748
0.652983645918525
0.657309264788206
0.629842830678643
0.598279139202356
0.558676921065757
0.502877590527243
0.441174320561412
0.388307577290678
0.348989639099346
0.328458013226276
0.282039854866581
0.213585160363819
0.131310722985485
0.0778717117450523
0.0428734514182567
0.00201678370826286
0.0507510123716275
0.0953487207277872
0.125024635285824
0.128562457288032
0.0716870532016332
0.128118185297977
6.55647959105297
1.00856970503889
1.20662300586213
1.00793970028983
0.856096314850067
0.317869678686022
0.0443872222504449
0.0670530561709311
0.0795962896641497
0.0218060519508414
0.00164301975696080
0.0144807834552609
0.0209981292833010
0.0581987384229863
0.0487051682908786
0.0490660274739621
0.0381069357248318
0.0223271932214266
0.00978524944663373
0.0181999116087175
0.0143447392282370
0.00934966191107423
0.00760292774485327
0.00827679235416312
0.00164917011895938
0.00617642091235671
0.00872371341215117
0.00962211247575207
0.00125651558429318
0.00871322514622441
0.00936874166014734
0.00895532895837625
0.0145946773027862
0.00827894042729938
0.00884891161841528
0.00611479033039231
0.000364666490824783
0.00142607184044707
0.00392504700301211
0.000443178203460071
0.00544738798208644
0.00401716120791473
0.000204755962502134
0.00218454388400935
7.23876199838491e-05
0.00121707563655260
0.00449855151712386
0.000597751346663955
0.00190175834239648
0.00104495903031254
0.00135305462159563
0.00176044458256419
0.00401697805635259
0.00277227274809500
9.36506147810601e-05
0.00360126544360240
0.00614855761959920
0.00542475601111003
0.00412960318875166
0.00498112420084773
0.000834092145146625
0.000487086373432311
0.00400865036114095
0.000181928451019386
0.00259154195514744
0.0103089873895017
0.0108370293969251
0.0118520247546081
0.0115403600450159
0.0218574704918491
0.0352973099549714
0.0467754439229073
0.0319924515227812
0.0110951191653532
0.000689027620469185
0.0164425315776588
0.0304639100909843
0.0621291164448887
0.103915037491563
0.164365840275298
0.214363705814695
0.279247134059717
0.236202952593141
0.239359528143468
0.391779217404830
0.445152742792263
0.919982466065771
0.988471015629848
1.53333912652846
0.982460819284961
0.313793655792263
0.0625712773762477
0.0633963751938604
0.0417029327020253
0.108794345223676
0.0129288830079162
0.184541895619401
0.303494802603742
0.340955176031251
0.359512958757166
0.407383336380085
0.471458327092366
0.533813342104260
0.579437103395937
0.608507547965481
0.611008689043058
0.590738066759196
0.588443892039008
0.605108040091977
0.639909275320788
0.661739966889377
0.648683831855122
0.623376620481415
0.598709917889814
0.568620283277018
0.520894813219477
0.464673053172176
0.404482116137559
0.372153601587140
0.360833057801016
0.333928975258644
0.267365241064826
0.160987687813820
0.0940714928869939
0.0664669207789154
0.0340479618531778
0.0156237738454137
0.0750970653852610
0.133617973569580
0.186049160026683
0.246747071382163
0.305163595109824
3.52201730425703
1.42412541135973
0.817411197280351
0.774740572590822
0.792076368350412
0.347359317331498
0.137470127080268
0.105615217034637
0.103598298752172
0.147459543481953
0.0432151286731169
0.0120326726050096
0.0188825447518473
0.0298216059104606
0.0347079829594437
0.0498728780190485
0.0449849951075854
0.0261024412796220
0.0172355725199547
0.0145127599000419
0.0209346061330276
0.0391483195386499
0.0383128767380283
0.0339013395871002
0.0275035279744786
0.0201207428535115
0.00474970017412790
0.00352935183780256
0.00217107322053556
0.00184832314923200
0.00658510681588831
0.0170111953841997
0.00781906387997955
0.00264528877635517
0.00935930327893353
0.0124257496268951
0.00564742168584897
0.00258261006263227
0.00392734298852515
0.00590841034360579
0.00509002581858309
0.00106388907002342
0.00335775274824091
0.00269067014707969
0.00150207189001850
0.00271981870689919
0.000557970665631902
0.00167495774171822
0.00225343398235633
0.00418916046728968
0.00736839835285696
0.00423255274861512
0.00373979197798069
0.00270213423528731
0.00425048832550257
0.0106587747394734
0.00701574534134730
0.00244077131768750
0.000331200153229183
0.00125772093096999
0.00509941796819291
0.00967605696084539
0.00734152103445029
0.00395644327829281
0.00187979180862186
0.00850817547504312
0.0109091452746879
0.00494981964275199
0.00195979959277803
0.00856686937455975
0.0108080480486885
0.0183730652369003
0.0536300394350950
0.0552569071084066
0.0530298286373470
0.0232043099987411
0.0172122738150577
0.0333725272136860
0.0628507844471866
0.0970505776854593
0.143453234723659
0.286761026764488
0.309168232122977
0.239892096111593
0.382274404740246
0.343204548830892
0.475386749296604
0.614965172999096
0.525750693920865
1.04010814664321
1.05783490591447
0.688359496671251
0.191581881366111
0.0265071504865420
0.0344916577720673
0.0959450761785465
0.0877420006600831
0.0472207233571881
0.224550846283265
0.375975176775795
0.430611187324514
0.455496473840619
0.462508558207668
0.467467662953694
0.485958756518507
0.512758530090059
0.538024124006459
0.556489391333195
0.580989093220713
0.608870481809414
0.628954045972739
0.631271698943518
0.621645140113147
0.605849254726063
0.596401808725559
0.597176539908610
0.562340383402809
0.519155128965692
0.465334076268180
0.381480849124298
0.278147653602207
0.195107609676921
0.163601691775982
0.143427749690664
0.109671802086444
0.0618836426114296
0.0427590219803584
0.0625744029524263
0.0730457131012340
0.0240846860510898
0.0297107700708972
0.0687839164209012
0.0747841643790626
3.25019174390992
0.975398152272093
1.53449674294523
0.422716886804961
1.18746078593423
0.948337434840280
0.436708839674901
0.110726410958162
0.0199541411259627
0.0480687104627772
0.0387627504096608
0.0361881730651050
0.0311495478348425
0.0213841882465187
0.0323244644974758
0.0421555785965932
0.0354632827869852
0.0299354639976235
0.0259179401882004
0.0147316147632339
0.00811975975079471
0.00980491185178933
0.0114376846845288
0.00129030255965223
0.00130755514976522
0.00487116089576389
0.00536184033411580
0.000862862265644693
0.00262458078784400
0.00146107762608527
0.00120881438389264
0.00692837619837305
0.0100557389428434
0.00471004727265523
0.00969663738832027
0.00434884120993462
0.000793875118852205
0.000448144583216070
0.00531073803078397
0.00924996903641273
0.00288401123958515
0.00178023461764698
0.00249601504555386
0.00238737979113346
0.000561112576338285
0.00368558323809753
0.000922145175862643
0.00359448982146171
0.00310703683895930
0.00412482207858989
0.000184512022343153
0.00185762461539407
0.00664919907582506
0.00134669820197630
0.00104995379851047
0.0104415429091620
0.00799602319345516
0.00197817158140279
0.00366195495705379
0.00649874182263854
0.00440023603859774
0.00884763468028216
0.0166133630835275
0.0241373833622127
0.0254294466222433
0.0182650244410831
0.0151491614536261
0.0206421557039469
0.0261326814793494
0.0567232844978860
0.101185565651857
0.131027519559096
0.160801679874732
0.193141940424525
0.250930349779715
0.285467856463163
0.256661716612709
0.440818833163976
0.362403486489961
0.448706005371690
0.540474790446115
0.844551937463405
1.03898817554198
1.07632923449052
0.595855096805471
0.00120959656192132
0.0636188543119849
0.111338841218105
0.271166299112748
0.239992604816658
0.0324116911387626
0.0932641729809062
0.148895740816673
0.179712702768109
0.259656957890466
0.358202329390329
0.441645363590487
0.501170109155436
0.535077834471188
0.563196920798399
0.583489495930775
0.615083996175789
0.645942998939436
0.674605316576930
0.689989451792362
0.684269529503407
0.665356996188476
0.651406526165506
0.634611809167291
0.614749665801573
0.590032623249118
0.553774440445194
0.490884188027910
0.443712825961267
0.404728389724489
0.380724536252243
0.353667631941584
0.309654318475157
0.257846201923079
0.189203934395338
0.121747200402982
0.0789512499329907
0.0832257638873134
0.145378417075721
0.196655721374702
0.251950529710768
0.240610521537202
0.184528026232661
5.68819350049025
2.76538550084849
0.250914421533304
1.72098703598529
1.33771934371943
0.417964978410962
0.0782019708755870
0.0754552579782847
0.0757232611387432
0.0202985102409980
0.0587429999768594
0.0775699930862961
0.0582719877233828
0.0653000563221613
0.0513613413094474
0.0340912338860628
0.0187642072628975
0.0130514300863507
0.00560808028222593
0.0138898895153747
0.0124834127975368
0.00554755769820747
0.00858730086809967
0.0114344432461749
0.00670680058705719
0.00466881391167096
0.00524141119566102
0.00114244258753293
0.00148358948112581
0.00442088787519745
0.00583390776012327
0.00171589285585361
0.00149314474060802
0.000373455265582301
0.00446214961042712
0.00542321437293269
0.00340898939565015
0.00642663915458841
0.00918677656814348
0.00519756267113958
0.00108844764086657
0.00195224062172250
0.00585973826627462
0.00456079542746557
0.00132849745274100
0.000940196985185438
0.000291822419837606
0.00169803666425650
0.00174088534088501
0.00596544828663026
0.00164725171911306
0.00576813431327206
0.00408422953455467
0.00367018985322054
0.00259358166706813
0.00617947206251435
0.00246420384969359
0.00349435525933928
0.00264071830342094
0.00198948402333965
0.00355147850023108
0.0137739097057095
0.0190583594672094
0.0256922004188196
0.0414572722872504
0.0344422700180036
0.0363359204427878
0.0780040677103218
0.136372355348369
0.214547059606996
0.298056400931793
0.294943033496069
0.228368621383663
0.169034357921101
0.397250850778056
0.455227037269443
0.546107803485902
0.974470577142136
1.15247822056345
0.810087782401727
0.420162209045150
0.0167855879819498
0.0898687237546443
0.0206931328740720
0.171793399025613
0.155411336803530
0.116212461854821
0.157254172599952
0.185307242869966
0.0811665459123308
0.0189290946871623
0.0277666020959781
0.108804174156993
0.0697925930202448
0.263020536242698
0.342404075438419
0.391537593601708
0.456556129853322
0.530575831470087
0.587416311519711
0.644504767964463
0.676328407177893
0.683237849483244
0.678197374156145
0.687973318448566
0.713785500017906
0.746873727163694
0.774927611644609
0.774743102214383
0.752263466561752
0.717529098843792
0.672062277253744
0.644234332741339
0.617172493151289
0.558211939953104
0.478363785766364
0.394517134841951
0.306997907651066
0.214279273532892
0.144087072185494
0.0794591698354711
0.00256824794876320
0.120508857617823
0.359041802153267
2.72387123031933
4.13046298203193
0.704903026567787
1.19302806183596
1.53015531736690
0.790626052530232
0.225806534490659
0.0295398826660382
0.120415654982423
0.121454952777036
0.0223328582794653
0.0641338308690311
0.0490728239736267
0.0667352342544987
0.0717313189414592
0.0608701805593368
0.0468605494525047
0.0358668061097429
0.0205157372622924
0.00215630018475665
0.00855474684680657
0.00235707289631926
0.00857555988631820
0.00899553021804822
0.00604165420722036
0.000784307430926834
0.00361029210454000
0.00588068120572161
0.00492700770245003
0.00657106554877673
0.00243368359208684
0.00240177425979760
0.00242100062200579
0.00487260112084154
0.0121643203447246
0.00422287634230112
0.00263867630632486
7.48002797534841e-06
0.00923275808903479
0.00174559354841808
0.00618061996840313
0.00538616461536812
0.000726113620494906
0.00175510018833558
0.00915209037915410
0.00819110207661478
0.000806300059893350
0.00176701383106037
0.00271862546220192
0.00416649017979065
0.00688712872893560
0.00290516002262153
0.00260419090513520
0.00822865034323572
0.0100302984434322
0.00231651687478429
0.000623114135613001
0.00656595412322591
0.00962139933739525
0.00545594135198191
0.00403055730391011
0.00300498503247715
0.00498707454374747
0.00506170543093487
0.000368801992545187
0.00910118422287076
0.0164679729337269
0.0231664673942360
0.0346167068049887
0.0545327970243505
0.0550874608296696
0.0368004822529742
0.0293007577962818
0.0399114818098703
0.0398553505175612
0.0977011842937949
0.179538477541110
0.191433090861589
0.247503831657442
0.284350773737455
0.142782223347913
0.394900017922432
0.716700713578229
1.09543589975928
1.45613439575281
1.00230580581489
0.242348606470825
0.0281756280067885
0.0868041451890032
0.257161155142808
0.402342561573313
0.209967755768723
0.0676934517016412
0.234837938734545
0.326368305377486
0.365748180924958
0.421652448781877
0.495076896943703
0.531149309481153
0.542194211482642
0.553215745577354
0.567779951876362
0.577100035469380
0.587855389456565
0.616213119036098
0.667100000000000
0.690748936946047
0.680321990121310
0.633749006827285
0.573219564647113
0.505505267975482
0.450774918635356
0.428603517686712
0.419928719897287
0.381142076078847
0.339868725176575
0.313247926832397
0.296660750419828
0.264424592580747
0.165658187551409
0.0637099060654331
0.0453295385317507
0.0657267744390830
0.0937626911233460
0.123293150477310
0.168015222495027
0.188111134452504
0.149828411436844
0.0157120340063077
5.51658392871603
1.25663101325848
1.05522696070288
0.767531716829998
1.02285484155438
0.593033226269936
0.203475226167951
0.00356704808398334
0.101537529999166
0.134268234382035
0.0608834523872981
0.0332053372096016
0.0151782552832778
0.0173002162587013
0.0465874879817740
0.0425015971210787
0.0480788997017352
0.0477326042459496
0.0287846859280128
0.0204873492601463
0.0252433613537812
0.0287387715061584
0.0300395477844528
0.0212422925045750
0.0168821760656444
0.0177657245162071
0.0181986544874238
0.0117410142917012
0.00397654853089091
0.00252319325209371
0.00835247693547891
0.0176461889929882
0.0178200317660719
0.0139727944929714
0.0116193192903860
0.00809910273253611
0.00737750881818111
0.00515998773672155
0.000741055418433501
0.00173112660034680
0.00187678883184028
0.00537338834882628
0.00172340493771039
0.00301329004156270
0.00199559380268743
0.00186802524084984
0.00336863116204711
0.00270618827251679
0.00318143922223757
0.00512931506348968
0.00277107058390946
0.00304133485886182
0.000233427755741422
0.00169277226103626
0.00172030973278836
0.000807696186564844
0.000203064382428231
0.00140312938603704
0.00328671625186017
0.000625809181434178
0.00699819761507015
0.0162011710286503
0.0227608762560287
0.0203614408629915
0.0167057538934261
0.0231820414764912
0.0337186512779963
0.0390399462965800
0.0850874112254736
0.156096561711002
0.253851434580668
0.269051886252095
0.266636119807105
0.277511933408060
0.385591007476593
0.501507918727038
0.981190869149159
0.984627370566072
1.32141872784726
0.949167034915171
0.540540814129895
0.206893868573372
0.0331529024711302
0.0675397649229218
0.0242132346342727
0.117191805376319
0.116602995697217
0.0697867077132712
0.0177487846787870
0.114737005178687
0.189722313030897
0.276972248112149
0.355808933622951
0.427941113171030
0.476295455433123
0.494871630177041
0.498488504618289
0.500741149302288
0.490356193013199
0.490755294578333
0.537116450929610
0.580660292841233
0.623931455715850
0.651576952541885
0.669292546198305
0.666532595296032
0.646374308060062
0.612711038112368
0.580915640950417
0.552606258425534
0.533777027593020
0.534632295920742
0.546790103815021
0.543572513974016
0.515504530464938
0.463922934644654
0.400491384548979
0.322421192775335
0.248842353430387
0.127765696615869
0.0196152901952775
0.142836624369380
0.204439301085779
0.209531124031126
0.213809560845522
0.223423315945875
0.230322766594198
4.41075855957369
2.16972396274502
0.894669810283576
1.11234023301172
1.05330009740418
0.403419759017237
0.00586535878317229
0.0959673899687025
0.0598546601721625
0.0247333749174025
0.0190716167178830
0.0315184438486789
0.0406521993442381
0.0628035613414173
0.0584755500246570
0.0438958472951216
0.0323364616247941
0.0186692250186025
0.00127716056956018
0.000329955564662754
0.00766162021213757
0.00237351177908274
0.00123224578516257
0.00616470680499581
0.00671125044124254
0.00120876943822257
0.00248933339036417
8.63662704335688e-05
0.00524655818640163
0.00228843346385932
0.00295155082613963
0.000564494326922627
0.00623999125457142
0.00113512425353557
0.000254192693037503
0.00187537149088568
0.00480781744570447
0.00651073019615644
0.00688241617380525
0.00227819491396697
0.00962927143417658
0.00654319167867190
0.00440272198041847
0.00154835369958950
0.00486898852462647
0.000141194968009573
0.000274787754155015
0.00242313421029938
0.00218162975419212
0.00125525282983341
0.00313433796276752
0.00307286873885682
0.00257495480387893
0.00529245993392391
0.00386457752029479
0.00675555623001167
0.00989917318512545
0.00499065169781554
0.00772509644247732
0.0148553049573126
0.0188754339957364
0.0143975847763045
0.00523754904002671
1.38999903387393e-06
0.0225913993379760
0.0428575070449462
0.0960193702667851
0.0763138668622643
0.0169875122143832
0.0130145137845238
0.0337257480404437
0.0306786446177925
0.0134862697356919
0.000401619350948623
0.00615767347128948
0.0144275825693985
0.0295326847337928
0.0356037432673227
0.0448326795791221
0.0362221365895562
0.0214191193365773
0.00574343351426632
0.00930281878136063
0.0115085664491430
0.0101600417755594
0.0134111949253375
0.0144759287435063
0.00997115305339280
0.00304806465094187
0.00469611326012420
0.000155677117682607
0.00480628016450990
0.00590955642859137
0.00717641546949532
0.00563592180730910
0.000477940786302478
0.00267436887555861
0.00276525331294231
0.000318679221776863
0.00146571084585823
0.00150848776767254
3.66906731027461e-05
0.00116049837824306
0.00260294265523331
0.00124147563087107
0.00296099126536320
0.00273887927017169
0.00219243661085367
0.00476610213521833
0.00273430678320752
0.00244213701660390
0.00288265986394554
0.00246170499574305
0.000317060263605451
0.000978231531535423
0.00210618698818532
0.000335648669985256
0.00116928361208268
4.00358014327473e-05
4.80038478152256e-05
0.00147711905964165
0.00554330587996055
0.00642101528137817
0.00446530054551908
0.00200102794358448
0.00419003679582497
0.00237827689949466
0.00294274014023355
0.00283269292539523
0.00371391840504032
0.00500941289124235
0.00591901761523528
0.00369976586626741
0.00190591374639570
0.00327242063160482
0.00207449822854988
0.00252127159477267
0.00172589065073070
0.000572258740032750
0.00229656788796806
0.00462220759845855
0.00515902721907646
0.00151974019487011
0.00128332653650021
0.00183433760277962
0.00305518791340687
0.00166159455177284
0.00352261060725501
0.00332549553970773
0.00397916811057386
0.00181731368548421
0.000176605594768064
0.00228212595057276
0.00274573546836887
0.000912846644498200
0.000630288631879750
0.00210411634719865
0.00199062370862535
0.00339107032103891
0.00167367939863539
0.00331841406404965
0.00425327980544821
0.00303803018629356
0.00295077147385459
0.00131088578922367
0.00377408314819516
0.00287376074957701
0.00285289549365109
0.00138736261249073
0.00329822585311090
0.000671634453580428
0.000873313661624131
0.00214277425923703
0.00232574545404152
0.00363487882795321
0.00184683959176124
0.000158572427392700
0.00189098708392432
0.00295173363427614
0.00321043156458467
0.00231799844161240
0.000427118784771752
0.000394247284539295
0.00314901186214600
0.00445332395288522
0.000684649372381552
0.00174286620868935
0.000715596038845523
0.00351338805219736
0.000992452518998599
0.00452823753242493
0.00335510164647079
0.00213279559148249
0.00391606222831209
0.00363459984199443
0.00187689363514121
0.00301946142634746
0.00385289759008023
0.00156863469260049
0.00426253041722102
0.00129336859883367
0.00180170193506868
0.00181198335815491
0.00189313801422952
0.00504621784274173
0.00346522610402400
0.00469379912488765